89 11 98 12 3 53 40 77 33 22 31 32 10 56 8 63 59 39 88 76 82 80 55 79 4 48 91 34 47 6 54 78 21 37 85 42 16 62 90 93 86 9 73 52 41 96 18 45 64 61 71 38 67 95 66 87 58 50 7


97 68 57 72 62 78 51 30 34 10 65 21 36 82 58 6 92 70 86 56 93 79 13 3 12 37 48 35 96 89 22 94 100 9 15 80 25 20 85 55 54 1 24 90 11 64 75 74 59 91 45 33 98 69 50 7 32 23 28 73 53 95 31 17 81 43 19 84 8 14 29 46 38 39 87 47 2 88 44 52 4 76 16 26 5 27 83 61 71 77 66 41 60 18 67 99 63 49 42 40


1 2 3 4 5 OK
2 1 3 4 5 OK
1 3 2 4 5 OK
3 1 2 4 5 OK
2 3 1 4 5 OK
3 2 1 4 5 OK
1 2 4 3 5 OK
2 1 4 3 5 OK
1 4 2 3 5 OK
4 1 2 3 5 OK
2 4 1 3 5 OK
4 2 1 3 5
1 3 4 2 5
3 1 4 2 5
1 4 3 2 5
4 1 3 2 5
3 4 1 2 5
4 3 1 2 5
2 3 4 1 5
3 2 4 1 5
2 4 3 1 5
4 2 3 1 5
3 4 2 1 5
4 3 2 1 5
1 2 3 5 4
2 1 3 5 4
3 1 2 5 4
1 3 2 5 4
2 3 1 5 4
3 2 1 5 4
1 2 5 3 4
2 1 5 3 4
5 1 2 3 4
1 5 2 3 4
2 5 1 3 4
5 2 1 3 4
1 3 5 2 4
3 1 5 2 4
1 5 3 2 4
5 1 3 2 4
3 5 1 2 4
5 3 1 2 4
2 3 5 1 4
3 2 5 1 4
2 5 3 1 4
5 2 3 1 4
3 5 2 1 4
5 3 2 1 4
1 2 4 5 3
2 1 4 5 3
1 4 2 5 3
4 1 2 5 3
2 4 1 5 3
4 2 1 5 3
1 2 5 4 3
2 1 5 4 3
1 5 2 4 3
5 1 2 4 3
2 5 1 4 3
5 2 1 4 3
1 4 5 2 3
4 1 5 2 3
1 5 4 2 3
5 1 4 2 3
4 5 1 2 3
5 4 1 2 3
2 4 5 1 3
4 2 5 1 3
2 5 4 1 3
5 2 4 1 3
4 5 2 1 3
5 4 2 1 3
1 3 4 5 2
3 1 4 5 2
1 4 3 5 2
4 1 3 5 2
3 4 1 5 2
4 3 1 5 2
1 3 5 4 2
3 1 5 4 2
1 5 3 4 2
5 1 3 4 2
3 5 1 4 2
5 3 1 4 2
1 4 5 3 2
4 1 5 3 2
1 5 4 3 2
5 1 4 3 2
4 5 1 3 2
5 4 1 3 2
3 4 5 1 2
4 3 5 1 2
3 5 4 1 2
5 3 4 1 2
4 5 3 1 2
5 4 3 1 2
2 3 4 5 1
3 2 4 5 1
2 4 3 5 1
4 2 3 5 1
3 4 2 5 1
4 3 2 5 1
2 3 5 4 1
3 2 5 4 1
2 5 3 4 1
5 2 3 4 1
3 5 2 4 1
5 3 2 4 1
2 4 5 3 1
4 2 5 3 1
2 5 4 3 1
5 2 4 3 1
4 5 2 3 1
5 4 2 3 1
3 4 5 2 1
4 3 5 2 1
3 5 4 2 1
5 3 4 2 1
4 5 3 2 1
5 4 3 2 1