0  8  4  12  2  10  6  14  1  9  5  13  3  11  7  5

0:
0
-----------------------------------------------------------------
8:
0
0  8
-----------------------------------------------------------------
4:
0
0  4
-----------------------------------------------------------------
12:
0
0  4
0  4  12
-----------------------------------------------------------------
2:
0
0  2
0  4  12
-----------------------------------------------------------------
10:
0
0  2
0  2  10
-----------------------------------------------------------------
6:
0
0  2
0  2  6
-----------------------------------------------------------------
14:
0
0  2
0  2  6
0  2  6  14
-----------------------------------------------------------------
1:
0
0  1
0  2  6
0  2  6  14
-----------------------------------------------------------------
9:
0
0  1
0  2  6
0  2  6  9
-----------------------------------------------------------------
5:
0
0  1
0  2  5
0  2  6  9
-----------------------------------------------------------------
13:
0
0  1
0  2  5
0  2  6  9
0  2  6  9  13
-----------------------------------------------------------------
3:
0
0  1
0  2  3
0  2  6  9
0  2  6  9  13
-----------------------------------------------------------------
11:
0
0  1
0  2  3
0  2  5  9
0  2  6  9  11
-----------------------------------------------------------------
7:
0
0  1
0  2  3
0  2  5  7
0  2  6  9  11
-----------------------------------------------------------------
15:
0
0  1
0  2  3
0  2  5  5
0  2  6  9  11  15
-----------------------------------------------------------------

-----------------------------------------------------------------




